object Form3: TForm3
  Left = 0
  Top = 0
  Caption = 'Form3'
  ClientHeight = 460
  ClientWidth = 320
  FormFactor.Width = 320
  FormFactor.Height = 480
  FormFactor.Devices = [Desktop]
  DesignerMasterStyle = 2
  object DPFUIView1: TDPFUIView
    Alpha = 1.000000000000000000
    ShadowOffsetHeight = 10.000000000000000000
    ShadowOpacity = 1.000000000000000000
    ShadowRadius = 10.000000000000000000
    TagNative = 0
    Align = Client
    Size.Width = 320.000000000000000000
    Size.Height = 460.000000000000000000
    Size.PlatformDefault = False
    BackgroundImage = 'background.png'
    object DPFLabel1: TDPFLabel
      Alpha = 1.000000000000000000
      ClipsToBounds = False
      ShadowOffsetHeight = 10.000000000000000000
      ShadowOpacity = 1.000000000000000000
      ShadowRadius = 10.000000000000000000
      TagNative = 0
      Position.X = 55.000000000000000000
      Position.Y = 35.000000000000000000
      Size.Width = 209.000000000000000000
      Size.Height = 25.000000000000000000
      Size.PlatformDefault = False
      Text = '0'
      TextAlignment = taCenter
      BaseLineAdjustment = blaAlignBaseLines
    end
    object DPFSlider1: TDPFSlider
      Alpha = 1.000000000000000000
      ShadowOffsetHeight = 10.000000000000000000
      ShadowOpacity = 1.000000000000000000
      ShadowRadius = 10.000000000000000000
      TagNative = 0
      Position.X = 39.000000000000000000
      Position.Y = 75.000000000000000000
      Size.Width = 241.000000000000000000
      Size.Height = 38.000000000000000000
      Size.PlatformDefault = False
      MaximumTrackTintColor = claNull
      MinimumTrackTintColor = claNull
      MinimumValue = 20
      MaximumValue = 90
      Value = 70.000000000000000000
      OnChanged = DPFSlider1Changed
      Orientation = trHorizontal
    end
    object DPFSlider2: TDPFSlider
      Alpha = 1.000000000000000000
      ShadowOffsetHeight = 10.000000000000000000
      ShadowOpacity = 1.000000000000000000
      ShadowRadius = 10.000000000000000000
      TagNative = 0
      Position.X = 41.000000000000000000
      Position.Y = 219.000000000000000000
      Size.Width = 241.000000000000000000
      Size.Height = 38.000000000000000000
      Size.PlatformDefault = False
      MaximumTrackTintColor = claNull
      MinimumTrackTintColor = claNull
      MaximumTrackImage = 'slider_maximum.png'
      MinimumTrackImage = 'slider_minimum.png'
      ThumbImage = 'slider_tab.png'
      Value = 50.000000000000000000
      SliderKind = skCustom
      OnChanged = DPFSlider1Changed
      Orientation = trHorizontal
    end
    object DPFSlider3: TDPFSlider
      Alpha = 1.000000000000000000
      ShadowOffsetHeight = 10.000000000000000000
      ShadowOpacity = 1.000000000000000000
      ShadowRadius = 10.000000000000000000
      TagNative = 0
      Position.X = 39.000000000000000000
      Position.Y = 147.000000000000000000
      Size.Width = 241.000000000000000000
      Size.Height = 38.000000000000000000
      Size.PlatformDefault = False
      MaximumTrackTintColor = claYellow
      MinimumTrackTintColor = claPink
      Value = 50.000000000000000000
      OnChanged = DPFSlider1Changed
      Orientation = trHorizontal
    end
  end
end
