object QRCode: TQRCode
  Left = 0
  Top = 0
  Caption = 'QRCode'
  ClientHeight = 480
  ClientWidth = 320
  FormFactor.Width = 320
  FormFactor.Height = 480
  FormFactor.Devices = [Desktop]
  DesignerMasterStyle = 2
  object DPFQRCodeScanner1: TDPFQRCodeScanner
    Alpha = 1.000000000000000000
    ShadowOffsetHeight = 10.000000000000000000
    ShadowOpacity = 1.000000000000000000
    ShadowRadius = 10.000000000000000000
    TagNative = 0
    Align = Client
    Size.Width = 320.000000000000000000
    Size.Height = 380.000000000000000000
    Size.PlatformDefault = False
    OnScan = DPFQRCodeScanner1Scan
  end
  object DPFLabel1: TDPFLabel
    Alpha = 1.000000000000000000
    ClipsToBounds = False
    ShadowOffsetHeight = 10.000000000000000000
    ShadowOpacity = 1.000000000000000000
    ShadowRadius = 10.000000000000000000
    TagNative = 0
    Align = Top
    Size.Width = 320.000000000000000000
    Size.Height = 50.000000000000000000
    Size.PlatformDefault = False
    TextAlignment = taCenter
    BaseLineAdjustment = blaAlignBaseLines
    AdjustsFontSizeToFitWidth = True
  end
  object DPFUIView1: TDPFUIView
    Alpha = 1.000000000000000000
    ShadowOffsetHeight = 10.000000000000000000
    ShadowOpacity = 1.000000000000000000
    ShadowRadius = 10.000000000000000000
    TagNative = 0
    Align = Bottom
    Position.Y = 430.000000000000000000
    Size.Width = 320.000000000000000000
    Size.Height = 50.000000000000000000
    Size.PlatformDefault = False
    BackgroundColor = claWhite
    object DPFButton2: TDPFButton
      Alpha = 1.000000000000000000
      ClipsToBounds = False
      ShadowOffsetHeight = 10.000000000000000000
      ShadowOpacity = 1.000000000000000000
      ShadowRadius = 10.000000000000000000
      TagNative = 0
      Margins.Top = 5.000000000000000000
      Margins.Right = 5.000000000000000000
      Margins.Bottom = 5.000000000000000000
      Align = Right
      Position.X = 218.000000000000000000
      Position.Y = 5.000000000000000000
      Size.Width = 97.000000000000000000
      Size.Height = 40.000000000000000000
      Size.PlatformDefault = False
      Text = 'Stop'
      TextLineBreak = lbCharacterWrap
      TextAlpha = 1.000000000000000000
      OnClick = DPFButton2Click
    end
    object DPFButton1: TDPFButton
      Alpha = 1.000000000000000000
      ClipsToBounds = False
      ShadowOffsetHeight = 10.000000000000000000
      ShadowOpacity = 1.000000000000000000
      ShadowRadius = 10.000000000000000000
      TagNative = 0
      Margins.Left = 10.000000000000000000
      Margins.Top = 5.000000000000000000
      Margins.Bottom = 5.000000000000000000
      Align = Left
      Position.X = 10.000000000000000000
      Position.Y = 5.000000000000000000
      Size.Width = 97.000000000000000000
      Size.Height = 40.000000000000000000
      Size.PlatformDefault = False
      Text = 'Start'
      TextLineBreak = lbCharacterWrap
      TextAlpha = 1.000000000000000000
      OnClick = DPFButton1Click
    end
  end
end
